945
65 221
599 348
757 880
737 817
33 165
79 301
529 443
181 52
632 434
204 153
83 6
402 501
293 289
370 264
98 544
828 829
50 72
303 118
696 116
522 526
3 14
276 55
16 57
609 610
508 100
6 236
680 781
438 372
37 77
353 145
2 1
515 454
311 67
792 473
725 520
66 111
712 801
7 23
100 161
324 473
40 11
254 837
15 54
6 7
49 468
636 452
258 275
106 69
319 79
37 73
2 3
522 76
138 309
344 648
112 252
458 716
531 451
193 540
729 151
229 169
191 493
202 560
806 451
34 68
678 311
76 61
316 213
566 823
116 120
853 519
647 527
727 665
620 571
190 64
72 285
230 674
533 591
901 302
101 251
756 648
69 34
349 808
63 82
870 774
676 138
461 717
253 366
802 867
61 44
281 250
706 314
43 534
662 130
520 754
147 179
540 939
203 223
560 912
841 191
412 332
384 885
70 348
333 11
22 146
254 63
281 751
458 410
657 933
188 695
787 229
6 1
267 449
254 472
28 208
39 2
72 584
834 774
125 88
248 154
40 656
821 62
941 592
502 612
493 538
95 876
57 192
721 466
171 377
286 119
245 88
376 178
338 9
206 55
591 753
483 510
272 220
279 528
726 37
137 144
626 88
708 114
122 482
688 558
550 64
186 2
110 79
13 135
660 256
428 141
154 313
367 279
37 44
523 891
16 52
64 16
878 731
175 79
561 712
882 796
895 275
31 907
650 775
749 630
120 235
308 301
851 393
228 128
439 40
19 29
810 577
324 187
73 177
157 39
261 290
27 567
563 401
379 193
572 658
511 849
34 30
491 235
547 196
822 560
4 3
312 297
75 64
913 435
835 757
141 222
124 291
54 681
118 5
205 219
449 477
30 22
8 6
640 795
428 857
507 777
266 342
13 682
707 396
140 564
9 497
116 292
23 33
259 852
546 800
392 7
321 389
414 481
35 41
431 277
597 740
608 411
582 514
654 461
444 601
402 381
27 6
222 839
205 18
44 108
387 333
296 683
452 322
489 812
589 730
359 440
290 295
611 121
6 18
82 122
136 657
331 190
672 874
414 57
733 678
549 92
554 88
397 469
153 141
484 10
218 509
436 615
163 130
837 940
125 140
934 659
19 80
54 207
815 289
800 932
22 732
511 311
419 310
772 154
171 71
70 218
58 154
242 216
99 40
672 374
919 717
503 223
673 744
66 329
562 450
396 307
400 371
229 735
226 10
768 524
169 263
350 150
668 643
59 411
412 938
375 842
714 935
266 7
48 96
86 199
267 222
103 323
764 6
157 437
143 123
564 890
76 518
56 98
871 752
588 514
183 3
88 296
132 111
25 43
669 757
12 28
193 156
184 187
87 142
814 281
37 105
789 411
111 459
553 32
537 27
389 722
439 556
178 113
314 82
82 141
883 879
426 366
258 593
12 35
448 881
125 613
83 532
598 762
76 545
117 259
633 369
131 30
704 177
310 899
132 380
17 10
561 269
112 752
796 651
843 659
409 453
618 782
734 479
300 415
259 766
359 403
517 56
480 826
102 410
378 530
92 29
450 737
242 384
65 436
837 892
435 728
534 715
796 844
206 230
56 220
257 37
150 442
579 820
97 40
786 884
545 586
564 859
579 804
887 3
8 936
232 265
145 23
209 470
430 380
43 93
697 195
449 551
34 63
144 546
431 763
191 139
786 104
541 333
182 422
811 54
211 461
160 52
303 776
780 773
485 691
45 109
304 270
391 388
590 569
16 13
903 301
222 365
565 450
174 745
212 33
616 738
417 595
328 99
597 271
856 869
896 561
11 4
264 113
185 93
159 394
460 226
534 686
321 114
51 25
361 155
64 273
274 66
224 455
840 791
666 26
828 698
486 130
358 205
543 309
169 145
13 85
402 923
378 63
578 35
133 79
569 147
492 739
60 320
793 611
243 123
902 411
347 456
255 507
56 21
724 242
523 122
423 312
570 929
195 67
30 112
60 12
386 354
29 928
184 14
233 352
175 877
838 26
36 447
336 513
667 27
283 272
873 635
172 78
175 649
148 99
31 466
188 97
417 504
11 201
750 325
761 684
594 167
21 300
26 13
679 447
167 10
591 670
353 634
360 625
383 125
363 583
665 235
280 107
236 914
671 7
746 12
17 166
848 918
603 363
651 687
9 209
315 5
241 742
225 45
98 102
65 173
237 640
379 388
222 253
1 249
236 385
183 521
164 354
237 390
506 365
435 441
90 520
413 576
467 692
348 719
706 921
644 440
741 138
91 8
596 438
363 635
202 160
911 250
723 603
457 184
108 159
215 159
109 180
274 791
72 94
27 714
685 638
59 237
328 805
651 630
66 149
137 17
281 408
346 650
88 31
114 664
70 78
220 262
602 114
194 417
81 462
850 50
784 93
552 529
168 475
14 58
307 407
51 360
624 470
819 313
141 502
218 600
3 9
119 88
69 150
33 864
106 297
51 306
854 576
374 616
295 318
286 467
203 157
160 454
126 38
398 698
705 310
490 107
275 807
236 778
5 49
430 909
621 917
937 672
152 164
589 351
339 731
66 107
398 194
688 944
326 488
487 235
37 48
580 30
499 214
548 604
638 190
527 400
573 313
43 66
925 759
35 79
84 418
335 29
404 349
760 619
770 296
31 525
298 480
9 900
7 575
154 374
91 536
77 117
21 87
443 229
505 466
43 47
631 610
575 785
178 363
244 98
15 200
83 147
103 349
20 74
406 44
101 424
124 598
906 240
495 489
690 411
713 634
271 622
619 860
394 492
231 533
129 476
478 173
17 926
253 373
337 99
408 566
289 58
332 585
505 771
583 875
693 35
32 113
621 460
3 12
13 139
710 2
557 797
579 383
10 5
434 77
204 709
557 619
194 54
119 861
54 572
287 395
168 128
435 237
110 152
162 347
16 298
579 694
659 56
333 942
562 790
334 164
4 268
479 847
539 317
163 798
4 886
100 11
63 643
614 269
425 338
779 228
151 92
279 922
433 571
81 47
519 148
84 49
514 364
18 618
927 702
730 888
252 701
127 39
156 74
653 517
209 702
81 451
700 430
718 591
12 24
139 570
548 224
372 298
444 774
122 176
259 637
10 15
409 402
675 62
577 344
274 765
133 357
93 174
198 147
138 28
231 341
366 433
802 174
89 278
718 848
24 345
897 104
803 565
233 336
356 420
357 471
247 327
287 18
858 513
25 1
767 832
103 33
34 317
773 224
344 41
236 340
42 36
627 736
302 70
238 256
62 46
261 75
292 500
214 89
78 325
1 5
272 355
162 120
323 330
512 245
42 557
179 627
788 747
11 284
836 799
1 45
95 59
384 587
320 677
109 255
250 13
401 328
74 241
117 170
607 51
862 470
700 943
421 85
445 246
393 483
592 313
663 491
87 234
11 50
617 593
845 537
136 28
9 699
3 90
630 123
116 59
45 356
15 37
26 31
292 371
866 290
931 205
915 670
45 46
258 190
610 703
264 332
1 155
365 464
42 71
260 189
21 55
409 494
21 14
801 818
465 283
629 114
924 797
57 189
31 444
346 232
282 143
603 879
329 474
522 755
100 945
75 362
65 64
14 53
361 863
227 53
122 856
759 447
524 568
489 524
240 91
169 231
7 32
574 103
399 244
129 128
563 623
130 232
123 75
305 101
11 13
277 58
531 824
264 326
930 43
24 496
222 432
530 916
639 421
270 206
416 308
124 359
498 274
89 197
590 680
247 34
684 625
485 352
322 100
394 833
342 375
124 489
310 257
27 868
6 463
119 369
199 233
216 364
335 581
104 90
399 516
307 149
182 825
904 700
265 673
339 163
70 66
16 128
397 251
413 155
130 111
211 116
309 351
10 20
594 747
19 769
781 809
381 62
190 889
555 200
218 865
39 479
894 430
158 90
